n = 1000000

serialize:   6.356723
deserialize: 8.703594
