n = 1000000

serialize:   6.369012
deserialize: 8.250611
